3 0.1046143465171805 0.6575091575091575 0.16800136435763963 0.304029304029304
4 0.3220885052868859 0.4157509157509158 0.15975589862229542 0.2234432234432235
0 0.6307781287538372 0.47252747252747257 0.22881167415580378 0.3846153846153846
3 0.9085472557132475 0.6565934065934065 0.176246830092984 0.30219780219780207
3 0.920915454316264 0.21336996336996336 0.06493304266583622 0.12271062271062273
3 0.8683506102534443 0.04853479853479854 0.07730124126885257 0.07509157509157509
3 0.8023868843706902 0.06135531135531135 0.08348534057036076 0.06043956043956044
3 0.3086896234669514 0.17857142857142855 0.09997627204104934 0.11538461538461536
3 0.37053061648203345 0.1382783882783883 0.07317850840118055 0.08974358974358973
3 0.4086658955080008 0.10347985347985347 0.06081030979816404 0.08974358974358974
3 0.59779626581246 0.2591575091575091 0.1381115510670167 0.11904761904761901
3 0.053080185671278785 0.28663003663003667 0.07317850840118047 0.13736263736263737
3 0.07936260770268867 0.20054945054945056 0.0535955272797378 0.09340659340659341
3 0.03813527902596728 0.14926739926739926 0.043288695110557454 0.0824175824175824
3 0.08503136539573786 0.0631868131868132 0.04638074476131156 0.06410256410256411
3 0.18088490456911507 0.06501831501831502 0.05668757693049191 0.06043956043956044
3 0.25973217066334475 0.019230769230769232 0.09070012308878705 0.031135531135531136
