3 0.1046875 0.6583333333333333 0.1671875 0.30277777777777776
4 0.321875 0.4166666666666667 0.1578125 0.2222222222222222
0 0.63125 0.4722222222222222 0.228125 0.38333333333333336
3 0.9078125 0.6583333333333333 0.1765625 0.3
3 0.9203125 0.21388888888888888 0.0640625 0.12222222222222222
3 0.86875 0.04722222222222222 0.0765625 0.07222222222222222
3 0.8015625 0.06111111111111111 0.0828125 0.058333333333333334
3 0.3078125 0.17777777777777778 0.0984375 0.11388888888888889
3 0.3703125 0.1388888888888889 0.071875 0.08611111111111111
3 0.409375 0.10277777777777777 0.059375 0.08611111111111111
3 0.5984375 0.25833333333333336 0.1375 0.11944444444444445
3 0.053125 0.2861111111111111 0.071875 0.1361111111111111
3 0.0796875 0.2 0.053125 0.09166666666666666
3 0.0390625 0.15 0.0421875 0.08055555555555556
3 0.084375 0.06388888888888888 0.0453125 0.06388888888888888
3 0.18125 0.06388888888888888 0.05625 0.058333333333333334
3 0.259375 0.019444444444444445 0.0890625 0.030555555555555555