3 0.1046875 0.65703125 0.1671875 0.3046875
4 0.321875 0.41640625 0.159375 0.22265625
0 0.63125 0.47265625 0.2296875 0.38359375
3 0.90859375 0.65703125 0.1765625 0.30234375
3 0.92109375 0.21328125 0.06484375 0.12265625
3 0.86875 0.04765625 0.0765625 0.07421875
3 0.80234375 0.0609375 0.08359375 0.06015625
3 0.30859375 0.17890625 0.1 0.11484375
3 0.3703125 0.1375 0.07265625 0.0890625
3 0.40859375 0.103125 0.0609375 0.0890625
3 0.59765625 0.259375 0.1375 0.11953125
3 0.053125 0.28671875 0.07265625 0.13671875
3 0.0796875 0.2 0.05390625 0.09375
3 0.03828125 0.1484375 0.04296875 0.08125
3 0.08515625 0.06328125 0.04609375 0.06484375
3 0.18046875 0.06484375 0.05703125 0.06015625
3 0.26015625 0.01953125 0.090625 0.03125